1 0 0 0 0 1 0 0 0 0 1 0
0.9999986886978149 -0.0005386527045629919 -0.0015971139073371887 -0.9815119776542499 0.0005400431109592319 0.9999998211860657 0.0008689398528076708 0.3984072431755079 0.001596641493961215 -0.0008697976008988917 0.9999982118606567 0.1281330360010175 
1.0000005960464478 -7.391896360786632e-05 -0.0003442623419687152 -1.5369808920305725 7.406263466691598e-05 0.9999997019767761 0.0004271599755156785 0.06147291130034113 0.0003442198212724179 -0.00042718666372820735 0.9999991059303284 -0.2846794751343632 
0.9999985694885254 0.0005975604290142655 0.001365274889394641 -1.6112051472671287 -0.0005958921392448246 0.9999987483024597 -0.0012218371266499162 0.05733765241583556 -0.0013660035328939557 0.0012210222193971276 0.9999982714653015 0.08920321393336561 
0.9999978542327881 -4.483459997572936e-05 0.0021334723569452763 -0.9379817549870495 5.0639213441172615e-05 0.9999961853027344 -0.0027217816095799208 0.03808964052813685 -0.00213332730345428 0.002721877070143819 0.9999950528144836 -0.019773027364477593 
0.9999995231628418 0.00042655106517486274 0.0008447159198112786 -1.7703919358502405 -0.00042367225978523493 0.9999943375587463 -0.003393332939594984 -0.08585462537454552 -0.0008461595862172544 0.0033929748460650444 0.9999937415122986 0.07529230891004252 
0.9999992847442627 0.00046090217074379325 0.00015457948029506952 -1.1838203530240097 -0.0004605136637110263 0.9999975562095642 -0.0024738095235079527 0.41114318143525935 -0.00015572126721963286 0.002473768312484026 0.9999962449073792 -0.16162357011429607 
0.9999987483024597 -0.001019865507259965 -0.0010194424539804459 -1.2300420711550595 0.0010192780755460262 0.9999986886978149 -0.0005688525270670652 -0.5808926092846733 0.0010200251126661897 0.000567791925277561 0.9999992847442627 -0.33243883487200093 
0.9999971985816956 0.00024282697995658964 -0.0026897138450294733 -0.902325593001873 -0.00023710478853899986 0.9999978542327881 0.00212877057492733 0.13027489264089917 0.0026902202516794205 -0.0021281300578266382 0.9999943971633911 -0.03180199452609117 
0.9999974370002747 -0.0008565522730350494 -0.0017911806935444474 -0.8014944459970362 0.0008641271851956844 0.9999907612800598 0.004231079947203398 0.1408636655144373 0.0017875444609671831 -0.00423259986564517 0.9999892115592957 0.03573306085503993 
